  -3.7773608e+00  -1.7305062e+00   2.5340249e+00
  -2.5960993e+00  -1.4992329e+00   5.2905968e+00
   5.3555052e+00  -1.8409088e+00  -1.9954182e+01
   1.2004516e+00  -1.8780927e+00   5.7922063e+00
   4.7564993e+00  -2.2620528e+00  -7.4466981e+00
   7.5897063e+00  -1.7742826e+00  -2.2492705e+00
  -2.6128469e+00  -2.0587701e+00   2.0517641e+00
   1.9884168e+00  -2.4106728e+00  -5.2455150e+00
   4.6939687e-01  -3.2818957e+00   6.3016644e+00
   2.8002124e+00  -1.6799342e+00   4.0946154e+00
   2.4244403e+00  -1.7189968e+00   4.9050310e+00
   5.4095207e+00  -1.8541816e+00   1.4333456e+00
   2.4292439e+00  -2.3080960e+00  -8.5552327e+00
  -1.0346152e+01  -1.0269373e+00   1.5417528e+01
  -3.9209541e-01  -2.2826919e+00  -3.8926511e+00
   2.2690776e+00  -1.7411052e+00   6.9730791e+00
  -1.3089168e+00  -2.3782608e+00   2.0074752e+00
   2.5036525e+00  -1.2384243e+00   7.8285568e+00
  -1.0668467e+00  -1.3904788e+00  -9.7824524e+00
  -2.4481881e+00  -2.3917316e+00  -5.9752442e+00
  -2.8053413e+00  -1.2832265e+00   5.6752887e+00
  -1.7812822e+00  -1.5559499e+00   7.9925940e+00
   2.1903292e+00  -2.3620688e+00  -6.4634335e+00
  -1.3365250e+00  -3.0099936e+00   1.0649973e+01
  -1.4326950e+00  -2.4031325e+00  -1.3799178e+01
   5.9486847e+00  -9.5931717e-01  -1.3291846e+01
   2.6336353e+00  -1.6066562e+00  -7.1209983e+00
   1.9867430e+00  -1.6549520e+00   1.0858879e+01
   2.6646617e-03  -1.8059724e+00  -5.5580026e+00
  -1.1726705e+01  -1.6939156e+00   5.1220905e+00
   5.4927914e+00  -9.9333903e-01   1.1026425e+00
  -2.8750883e+00  -1.4505552e+00   1.2065651e+01
  -3.6959826e+00  -1.9374140e+00  -1.5516224e+01
   7.5451012e+00  -2.2146745e+00  -1.7368912e+01
   9.6927388e-01  -1.4117202e+00  -6.6414261e+00
  -5.8766436e+00  -2.0983906e+00  -3.7463102e+00
   4.7248715e+00  -2.2798634e+00   8.6835185e+00
   1.8661021e+00  -2.3291950e+00   7.1184991e+00
  -3.0324907e+00  -2.2847971e+00  -6.0418947e+00
   6.1481259e+00  -1.3775767e+00  -1.0747510e+01
   2.2078747e+00  -2.0775931e+00  -5.0004995e+00
  -9.6746172e-01  -1.1937638e+00  -1.1613630e+01
  -8.3443794e+00  -2.6047149e+00   4.2802539e+00
   1.0610724e+01  -1.8050144e+00   2.2958544e+00
  -8.9443824e+00  -1.9555131e+00   9.7096594e+00
  -7.6530625e+00  -3.0625339e+00  -9.3747856e-01
  -3.6461990e+00  -1.4439594e+00  -1.0905585e+01
  -2.2312275e+00  -2.1967776e+00   7.4693950e-01
   3.3531555e+00  -2.2902727e+00  -1.3402324e+00
  -5.9033418e+00  -1.9131272e+00  -2.4270817e+00
   6.0412968e+00  -3.0515112e+00  -6.7616502e+00
   4.5156781e+00  -2.2718133e+00  -8.5158541e+00
  -4.1709590e+00  -1.3101606e+00  -1.2491913e+01
  -1.9802109e+00  -2.0588848e+00  -1.0212143e+01
   2.7258170e+00  -2.3021909e+00  -4.9944866e+00
  -7.2961514e-02  -1.9701178e+00  -9.3854728e+00
  -1.8117568e+00  -2.2376880e+00   9.8516043e+00
  -1.0089072e+00  -2.0579335e+00  -3.9071523e+00
   2.1569235e+00  -1.9596389e+00  -4.3888281e+00
   1.1307333e+01  -1.9292404e+00  -1.4047919e+00
  -2.4146792e+00  -2.1510019e+00   9.7047476e+00
  -4.5584308e+00  -1.7957573e+00  -1.7406303e+00
   1.1697767e+00  -2.7393155e+00   4.6509479e+00
   4.0515823e-02  -1.8475104e+00  -1.2321156e+01
   3.9129171e+00  -2.3782962e+00  -4.4777299e+00
  -2.6438963e+00  -1.4663028e+00  -1.1962460e+01
  -4.2223088e+00  -1.4782344e+00  -1.5252848e+00
  -3.2203126e+00  -2.6930559e+00   2.3534592e-01
   7.3453831e+00  -2.2860772e+00   9.0295997e+00
   3.0526023e+00  -1.9479404e+00   2.8445315e+00
   5.7446406e+00  -1.1363873e+00   9.2980161e+00
   2.6733245e+00  -2.3063912e+00   1.8822388e+01
   1.0653901e+00  -1.7049401e+00   1.0059108e+01
  -1.3626118e+00  -2.0735401e+00  -7.4563403e+00
  -8.0162045e-01  -2.3742486e+00   6.4750540e+00
  -2.7704096e-01  -2.4489293e+00  -6.3512546e+00
   5.0454164e+00  -1.3021016e+00  -2.0563973e+00
  -7.9948150e+00  -1.5725597e+00  -5.6181748e+00
   9.1039025e+00  -1.9208239e+00   2.7957481e+00
  -4.3066685e+00  -2.0608688e+00   7.6566879e-02
  -8.9957155e-01  -2.5620928e+00  -6.3082295e+00
   2.2445413e+00  -1.7418073e+00   9.3631698e+00
  -1.0542111e+01  -2.6715890e+00   8.2298549e+00
   4.0211492e+00  -2.1955193e+00   8.1127445e+00
   3.2548367e-01  -1.2627092e+00  -7.0015764e-01
  -5.7289353e+00  -1.9953230e+00   4.3727718e+00
   1.2562672e+00  -1.5161084e+00   9.2078294e+00
   1.5557735e+00  -7.4520740e-01  -8.8321375e+00
  -5.8689584e+00  -1.3166815e+00  -1.2667753e+00
  -6.1218145e+00  -9.5968902e-01  -1.0813905e+00
   8.6970260e+00  -1.8620853e+00   4.1097870e+00
   6.3227861e-01  -2.5276550e+00  -5.5383617e+00
   3.8912836e+00  -2.8273654e+00  -1.0377000e+01
   6.1592138e+00  -1.7577826e+00   3.2345285e+00
   9.3447769e-01  -2.7602367e+00   1.0865252e+00
  -4.7937277e+00  -1.7288444e+00  -1.3740124e+01
  -2.2701055e+00  -2.5073247e+00  -5.8912331e+00
  -8.5167942e+00  -2.1925690e+00   5.8433976e+00
   7.8083750e-01  -1.8713116e+00   9.6217950e+00
  -4.8359714e-01  -1.6262632e+00  -5.9188161e+00
