   7.8408735e-01   1.4923781e+00   2.4401057e+00
   1.9875725e+00   9.6190077e-01   1.0444238e+00
   2.1028851e+00   1.0979220e+00  -7.9204145e-01
   8.9245588e-02   1.5263040e+00   1.2116312e+00
   1.1226760e+00   1.6663630e-01   1.7794994e+00
   6.4861477e-01   1.6728437e+00   8.6377816e-01
   1.3311284e+00  -8.5296838e-01   1.6615600e+00
   1.1321401e+00   1.5457462e+00   6.7095645e-01
   8.8971850e-01   1.3237755e+00   7.3619113e-01
   1.5308628e+00  -8.4567660e-01  -1.8345370e-01
   8.6378101e-01   1.1132028e+00   2.3032812e-01
   4.6408611e-01   1.6927776e+00   1.3602385e-01
   1.1022990e+00   5.1138110e-01  -5.3426056e-01
   2.2767892e-01   7.6672664e-01   1.7089005e+00
   1.1403392e+00   3.4095335e-01  -8.6992633e-01
   1.2368879e+00  -6.5211202e-02   1.6293836e+00
   1.2451512e+00   1.2189276e+00   1.0059062e+00
   1.3072727e+00  -8.4305437e-01   2.7785374e-01
   2.0945650e+00  -8.9126328e-01   1.7062674e+00
   1.5645836e+00  -6.3244979e-01   2.3049808e+00
   8.8836037e-01   1.7239007e-01   4.2726685e-01
   5.2354668e-01  -9.6258827e-01   9.4314946e-01
   1.2663200e+00   2.6770766e-01   1.9555195e+00
   9.1054800e-01   1.7192784e+00   4.9489343e-01
   1.8641043e+00   1.5048263e+00   1.1668762e-01
   1.1799320e+00  -1.4654553e+00   1.7140582e+00
   4.8911790e-01   2.6504277e+00   7.7067435e-01
   1.0512269e+00  -1.3577108e+00   1.2913053e+00
   1.0729020e+00  -4.9983470e-01   2.2748547e+00
   1.2840884e+00   9.9980847e-01   2.6640210e+00
   6.3194978e-01  -1.0987512e+00   1.6534701e+00
   1.0682643e+00   1.0768059e+00   1.6170666e+00
   1.4134989e+00   1.9503332e+00   2.6348980e-01
   8.9052142e-01   1.0471035e+00   1.1275499e+00
   6.3666787e-01   6.8609672e-02   3.6681054e+00
   1.0376626e+00  -1.3363174e+00  -9.2044326e-01
   9.6013204e-01   2.0088889e+00   1.6311297e+00
   1.6024925e+00   2.4556061e-01   1.1964174e+00
   1.2296210e+00   1.8489482e+00   9.3905800e-01
   7.1058813e-01   9.5834475e-01   4.7154737e-01
   1.1320827e+00   8.8372038e-01   7.7882772e-01
   6.2917724e-01   1.1450874e+00   1.0523880e+00
   8.0047376e-01  -3.2729523e-01   1.2674708e-02
   4.0376037e-01  -1.0101117e+00   7.9159083e-01
   4.5935735e-01   3.6756261e-01   2.5453203e+00
   4.6691022e-01   6.6715175e-01   1.2837524e+00
   9.1243154e-01   1.7067837e+00   1.0807355e+00
   8.1758327e-01   7.8735221e-01   9.4247370e-01
  -6.3792962e-01   3.8079971e-01   1.9921929e+00
   1.4689200e+00  -7.2429708e-01   6.3395360e-01
   5.7553625e-01  -1.6821688e-01   1.3014829e+00
   8.5690995e-01   9.9380314e-01   1.2313394e+00
   2.2235024e+00  -4.0008495e-01   1.9069306e+00
   1.4503782e+00   2.4798908e-01  -3.0460383e-02
   1.5441572e+00   9.5424896e-01   2.4735944e+00
   1.6178421e+00   4.4016986e-01   1.6599472e+00
   3.4393161e-01   6.4231516e-01   2.4704312e+00
   1.8411182e+00   3.7433073e-01   2.7036054e+00
   6.0256324e-01  -5.1795180e-01   1.3762816e+00
   6.7048366e-01   1.8805596e+00   4.4495207e-01
   7.9522516e-01   1.4762220e+00   1.3023073e+00
   9.2849303e-01   8.8554411e-01   8.4852955e-01
   1.7224417e+00  -3.9473334e-02   7.3437590e-01
   3.1979010e-01   2.1945319e+00   2.2464294e+00
   2.0742382e+00   1.1429097e+00  -3.2082630e-01
   9.9354306e-01  -2.0192664e-01   1.0545841e+00
   1.3869135e+00   2.3010305e-01   1.3017010e+00
   1.1361566e+00   3.8262100e-01   3.8116899e-01
   1.0142660e+00  -2.7974908e-01   1.6074166e+00
   1.0759396e+00   2.0837876e-01   1.7070493e+00
   2.0498079e+00   1.8115927e-01   3.9707442e-01
   9.5880238e-01   2.5318917e-01  -2.9303640e-01
   4.8269276e-01   1.5407553e+00   2.2657872e+00
   1.1856427e+00  -8.4308745e-01   1.0715515e+00
   1.0194667e+00   1.7625171e+00   1.8626349e+00
   1.1516127e+00   1.0244257e-01   3.1791096e+00
   1.2779999e+00   1.6758482e+00   1.3078374e+00
   1.2287782e+00  -7.6021877e-01   2.4069100e+00
   8.8266575e-01   2.0537282e-01   1.7227431e+00
   4.0253860e-01   8.3163655e-01   1.4481729e-01
   1.1521028e+00  -9.4971670e-01   7.5782030e-01
   1.5742760e+00   2.1391393e-01   6.2436366e-01
   6.2859911e-02   3.1809861e-01   1.3609093e+00
   3.5345840e-01   1.2443221e+00   1.0228981e+00
   1.1939491e+00  -4.1503271e-01   1.0271709e+00
  -1.5115463e-03   2.8558947e+00   7.4522784e-01
   1.4871532e+00   2.8471133e-01   1.3175977e+00
   1.0850517e+00   1.6087953e+00   1.2297796e-01
   1.0047665e+00   5.8174468e-01   2.0273786e+00
   4.7209735e-01   5.7640621e-01   1.2698436e+00
   1.5241291e+00   4.8363927e-01  -9.7066651e-01
   1.7443864e+00   2.0208743e-01   1.3173584e+00
   1.1457380e+00   1.4140659e+00  -4.9331015e-01
   1.6154395e+00   1.6386907e+00   1.9311527e+00
   6.2057498e-01   5.9743929e-01   3.2458859e+00
   8.3939959e-01   2.0473003e-02  -1.5152298e-01
   1.4073534e+00   1.5699845e+00   7.0818579e-01
   1.1632518e+00   1.0186536e+00   2.1006595e+00
   4.7667728e-01   2.7519217e-01   2.0543474e+00
   1.6317246e+00   1.1880689e+00   1.5189465e+00
